{
 "cells": [
  {
   "cell_type": "code",
   "execution_count": 1,
   "metadata": {},
   "outputs": [],
   "source": [
    "import pickle"
   ]
  },
  {
   "cell_type": "code",
   "execution_count": null,
   "metadata": {},
   "outputs": [],
   "source": [
    "import os\n",
    "import datetime\n",
    "\n",
    "file_path = \"/cluster/home/terjenf/naplab/data/Trip077/naplab_maptracker_infos.pkl\"\n",
    "\n",
    "# Get modification time\n",
    "mod_time = os.path.getmtime(file_path)\n",
    "print(\"Last Modified:\", datetime.datetime.fromtimestamp(mod_time))\n",
    "\n",
    "# Get creation time (only on Windows)\n",
    "if hasattr(os, \"path\") and hasattr(os.path, \"getctime\"):\n",
    "    create_time = os.path.getctime(file_path)\n",
    "    print(\"Created:\", datetime.datetime.fromtimestamp(create_time))\n"
   ]
  },
  {
   "cell_type": "code",
   "execution_count": 2,
   "metadata": {},
   "outputs": [],
   "source": [
    "with open(\"/cluster/home/terjenf/naplab/data/Trip077/naplab_maptracker_infos.pkl\", 'rb') as file:\n",
    "    obj = pickle.load(file)"
   ]
  },
  {
   "cell_type": "code",
   "execution_count": 6,
   "metadata": {},
   "outputs": [
    {
     "data": {
      "text/plain": [
       "{'lidar_path': '',\n",
       " 'token': '4ff780b7-969d-4613-9cf7-d97e102c2ff5',\n",
       " 'cams': {'C1_front60Single': {'extrinsics': array([[ 0.5227949 , -0.79534034, -0.3067886 , -0.30869954],\n",
       "          [-0.12358479,  0.28537119, -0.95041574,  1.60188915],\n",
       "          [ 0.8434526 ,  0.53478691,  0.05089863, -1.72725694],\n",
       "          [ 0.        ,  0.        ,  0.        ,  1.        ]]),\n",
       "   'intrinsics': [[1266.417203046554, 0.0, 816.2670197447984],\n",
       "    [0.0, 1266.417203046554, 491.50706579294757],\n",
       "    [0.0, 0.0, 1.0]],\n",
       "   'fw_coeff': [0.0,\n",
       "    166.02792470568306,\n",
       "    -80.91472047428145,\n",
       "    1863.526100073874,\n",
       "    0.0023691669378879867],\n",
       "   'bw_coeff': [0.0,\n",
       "    0.000536573003046215,\n",
       "    1.28669519483537e-08,\n",
       "    -1.43870852731265e-11,\n",
       "    3.0433934028912e-15],\n",
       "   'cx': 846.863159,\n",
       "   'cy': 670.665466,\n",
       "   'img_fpath': '/cluster/home/terjenf/naplab/data/Trip077/samples/C1_front60Single/C1_front60Single_1684740471554978.png'},\n",
       "  'C8_R2': {'extrinsics': array([[ 0.67414137,  0.29940374, -0.67519687, -0.29305188],\n",
       "          [ 0.0916842 ,  0.87316247,  0.47872885,  0.05437059],\n",
       "          [ 0.73288977, -0.38463581,  0.56118435, -2.48655906],\n",
       "          [ 0.        ,  0.        ,  0.        ,  1.        ]]),\n",
       "   'intrinsics': [[1260.8474446004698, 0.0, 807.968244525554],\n",
       "    [0.0, 1260.8474446004698, 495.3344268742088],\n",
       "    [0.0, 0.0, 1.0]],\n",
       "   'fw_coeff': [0.0,\n",
       "    -16.35889669217516,\n",
       "    -15.231188338442275,\n",
       "    967.0239029117156,\n",
       "    0.05602500877111527],\n",
       "   'bw_coeff': [0.0,\n",
       "    0.00103239668533206,\n",
       "    2.80923799778066e-08,\n",
       "    -7.45345798969232e-12,\n",
       "    3.71183728827169e-14],\n",
       "   'cx': 976.518311,\n",
       "   'cy': 654.035461,\n",
       "   'img_fpath': '/cluster/home/terjenf/naplab/data/Trip077/samples/C8_R2/C8_R2_1684740472354977.png'},\n",
       "  'C7_L2': {'extrinsics': array([[ 0.14742274, -0.8720293 , -0.46672416,  1.05414608],\n",
       "          [ 0.96332197,  0.23356972, -0.13212102, -2.05949926],\n",
       "          [ 0.22422603, -0.43012799,  0.87447847, -1.09002502],\n",
       "          [ 0.        ,  0.        ,  0.        ,  1.        ]]),\n",
       "   'intrinsics': [[1272.5979470598488, 0.0, 826.6154927353808],\n",
       "    [0.0, 1272.5979470598488, 479.75165386361925],\n",
       "    [0.0, 0.0, 1.0]],\n",
       "   'fw_coeff': [0.0,\n",
       "    -39.86178765072693,\n",
       "    -8.146958657634055,\n",
       "    958.5564370340214,\n",
       "    0.03077444208429708],\n",
       "   'bw_coeff': [0.0,\n",
       "    0.00104226230178028,\n",
       "    1.59883324357679e-08,\n",
       "    2.99666888525785e-11,\n",
       "    1.63388437301277e-14],\n",
       "   'cx': 962.198303,\n",
       "   'cy': 639.769714,\n",
       "   'img_fpath': '/cluster/home/terjenf/naplab/data/Trip077/samples/C7_L2/C7_L2_1684740472854984.png'},\n",
       "  'C4_rearCam': {'extrinsics': array([[ 0.54832028, -0.07007003,  0.8333277 , -1.00103284],\n",
       "          [ 0.78142648, -0.31198867, -0.5404033 ,  1.1816005 ],\n",
       "          [ 0.29785488,  0.94749842, -0.11631514,  0.31747456],\n",
       "          [ 0.        ,  0.        ,  0.        ,  1.        ]]),\n",
       "   'intrinsics': [[809.2209905677063, 0.0, 829.2196003259838],\n",
       "    [0.0, 809.2209905677063, 481.77842384512485],\n",
       "    [0.0, 0.0, 1.0]],\n",
       "   'fw_coeff': [0.0,\n",
       "    -12.771984400717317,\n",
       "    -35.390791590968355,\n",
       "    971.0225304517462,\n",
       "    0.04955515083753346],\n",
       "   'bw_coeff': [0.0,\n",
       "    0.00102833390701562,\n",
       "    4.86667310894973e-08,\n",
       "    -6.82437266419367e-12,\n",
       "    3.32446777626203e-14],\n",
       "   'cx': 962.005554,\n",
       "   'cy': 643.866516,\n",
       "   'img_fpath': '/cluster/home/terjenf/naplab/data/Trip077/samples/C4_rearCam/C4_rearCam_1684740472154981.png'},\n",
       "  'C6_L1': {'extrinsics': array([[-0.52930531,  0.34483008,  0.77519553, -0.18717658],\n",
       "          [ 0.8438429 ,  0.119067  ,  0.52321335, -2.40015607],\n",
       "          [ 0.08811949,  0.93108285, -0.35400521, -0.65053436],\n",
       "          [ 0.        ,  0.        ,  0.        ,  1.        ]]),\n",
       "   'intrinsics': [[1256.7414812095406, 0.0, 792.1125740759628],\n",
       "    [0.0, 1256.7414812095406, 492.7757465151356],\n",
       "    [0.0, 0.0, 1.0]],\n",
       "   'fw_coeff': [0.0,\n",
       "    -46.17429552656225,\n",
       "    -11.394845825736896,\n",
       "    976.4182445090989,\n",
       "    0.036098562634683716],\n",
       "   'bw_coeff': [0.0,\n",
       "    0.00102303246967494,\n",
       "    1.99755412211289e-08,\n",
       "    3.11186423851417e-11,\n",
       "    1.85790188707855e-14],\n",
       "   'cx': 977.374146,\n",
       "   'cy': 644.835571,\n",
       "   'img_fpath': '/cluster/home/terjenf/naplab/data/Trip077/samples/C6_L1/C6_L1_1684740472688332.png'},\n",
       "  'C5_R1': {'extrinsics': array([[ 0.44992789,  0.29101136,  0.84432061, -1.56559114],\n",
       "          [ 0.25579116, -0.94780269,  0.19037054, -1.6359764 ],\n",
       "          [ 0.85564933,  0.13031673, -0.50088099, -0.94775268],\n",
       "          [ 0.        ,  0.        ,  0.        ,  1.        ]]),\n",
       "   'intrinsics': [[1259.5137405846733, 0.0, 807.2529053838625],\n",
       "    [0.0, 1259.5137405846733, 501.19579884916527],\n",
       "    [0.0, 0.0, 1.0]],\n",
       "   'fw_coeff': [0.0,\n",
       "    -23.90543643634812,\n",
       "    -26.001304840046274,\n",
       "    963.9024629021269,\n",
       "    0.035202141072629055],\n",
       "   'bw_coeff': [0.0,\n",
       "    0.00103636074345559,\n",
       "    3.63584611307033e-08,\n",
       "    1.13099547088824e-11,\n",
       "    2.30410952632969e-14],\n",
       "   'cx': 965.822693,\n",
       "   'cy': 649.506042,\n",
       "   'img_fpath': '/cluster/home/terjenf/naplab/data/Trip077/samples/C5_R1/C5_R1_1684740472521662.png'}},\n",
       " 'C1_front60Single2ego_translation': [1.8162150382995605,\n",
       "  0.22106018662452698,\n",
       "  1.5156701803207397],\n",
       " 'C1_front60Single2ego_rotation': [0.6817376180517029,\n",
       "  -0.5446386593421916,\n",
       "  0.42180494834295224,\n",
       "  -0.24633947397144926],\n",
       " 'e2g_translation': [-47.70374138955958, 1797.235252570361, 0.0],\n",
       " 'e2g_rotation': [0.57039424370961, 0.0, 0.0, -0.8213710530222879],\n",
       " 'timestamp': 1684740472175089,\n",
       " 'location': 'Trondheim',\n",
       " 'scene_name': 'scene_137',\n",
       " 'sample_idx': 5512,\n",
       " 'prev': 5511,\n",
       " 'next': -1}"
      ]
     },
     "execution_count": 6,
     "metadata": {},
     "output_type": "execute_result"
    }
   ],
   "source": [
    "obj[-1]"
   ]
  },
  {
   "cell_type": "code",
   "execution_count": null,
   "metadata": {},
   "outputs": [],
   "source": []
  }
 ],
 "metadata": {
  "kernelspec": {
   "display_name": "Python 3",
   "language": "python",
   "name": "python3"
  },
  "language_info": {
   "codemirror_mode": {
    "name": "ipython",
    "version": 3
   },
   "file_extension": ".py",
   "mimetype": "text/x-python",
   "name": "python",
   "nbconvert_exporter": "python",
   "pygments_lexer": "ipython3",
   "version": "3.13.0"
  }
 },
 "nbformat": 4,
 "nbformat_minor": 2
}
